2 6 $ 3 5 7 4 1 9 
3 5 7 4 1 9 2 6 8 
4 1 9 2 6 8 3 5 7 
6 8 3 5 7 4 1 9 2 
5 7 $ 1 9 2 6 8 3 
1 9 2 6 8 3 5 7 4 
8 3 5 7 4 1 9 2 6 
7 4 $ 9 2 6 8 3 5 
9 2 6 8 3 5 7 4 1 
9 7 8 2 6 3 5 4 1 
2 6 3 5 4 1 9 7 8 
5 4 1 9 7 8 2 6 3 
7 8 2 6 3 5 4 1 9 
6 3 5 4 1 9 7 8 2 
4 1 9 7 8 2 6 3 5 
8 2 6 3 5 4 1 9 $ 
3 5 4 1 9 7 8 2 $ 
1 9 7 8 2 6 3 5 $
6 3 9 4 1 8 2 5 7 
4 1 8 2 5 7 6 3 9 
2 5 7 6 3 9 4 1 8 
3 9 4 1 8 2 5 7 6 
1 8 2 5 7 6 3 9 4 
$ $ 6 $ 9 4 1 8 2 
9 4 1 8 2 5 7 6 3 
8 2 5 7 6 3 9 4 1 
7 6 3 9 4 1 8 2 5 
